 Profile NO:   Time        Conc_WT       Conc_flux     Time step     Stress period
    [-]        [T]          [M/L3]        [M/L2/T]         [-]         [-]
   1           1.00      0.000E+00      0.000E+00            1            1
   2           1.00      0.000E+00      0.000E+00            1            1
   1           2.00      0.000E+00      0.000E+00            1            2
   2           2.00      0.000E+00      0.000E+00            1            2
   1           3.00      0.000E+00      0.000E+00            1            3
   2           3.00      0.000E+00      0.000E+00            1            3
   1           4.00      0.000E+00      0.000E+00            1            4
   2           4.00      0.000E+00      0.000E+00            1            4
   1           5.00      0.000E+00      0.000E+00            1            5
   2           5.00      0.000E+00      0.000E+00            1            5
   1           6.00      0.000E+00      0.000E+00            1            6
   2           6.00      0.000E+00      0.000E+00            1            6
   1           7.00      0.000E+00      0.000E+00            1            7
   2           7.00      0.000E+00      0.000E+00            1            7
   1           8.00      0.000E+00      0.000E+00            1            8
   2           8.00      0.000E+00      0.000E+00            1            8
   1           9.00      0.000E+00      0.000E+00            1            9
   2           9.00      0.000E+00      0.000E+00            1            9
   1          10.00      0.000E+00      0.000E+00            1           10
   2          10.00      0.000E+00      0.000E+00            1           10
   1          11.00      0.000E+00      0.000E+00            1           11
   2          11.00      0.000E+00      0.000E+00            1           11
   1          12.00      0.000E+00      0.000E+00            1           12
   2          12.00      0.000E+00      0.000E+00            1           12
   1          13.00      0.000E+00      0.000E+00            1           13
   2          13.00      0.000E+00      0.000E+00            1           13
   1          14.00      0.000E+00      0.000E+00            1           14
   2          14.00      0.000E+00      0.000E+00            1           14
   1          15.00      0.000E+00      0.000E+00            1           15
   2          15.00      0.000E+00      0.000E+00            1           15
   1          16.00      0.000E+00      0.000E+00            1           16
   2          16.00      0.000E+00      0.000E+00            1           16
   1          17.00      0.000E+00      0.000E+00            1           17
   2          17.00      0.000E+00      0.000E+00            1           17
   1          18.00      0.000E+00      0.000E+00            1           18
   2          18.00      0.000E+00      0.000E+00            1           18
   1          19.00      0.000E+00      0.000E+00            1           19
   2          19.00      0.000E+00      0.000E+00            1           19
   1          20.00      0.000E+00      0.000E+00            1           20
   2          20.00      0.000E+00      0.000E+00            1           20
   1          21.00      0.000E+00      0.000E+00            1           21
   2          21.00      0.000E+00      0.000E+00            1           21
   1          22.00      0.000E+00      0.000E+00            1           22
   2          22.00      0.000E+00      0.000E+00            1           22
   1          23.00      0.000E+00      0.000E+00            1           23
   2          23.00      0.000E+00      0.000E+00            1           23
   1          24.00      0.000E+00      0.000E+00            1           24
   2          24.00      0.000E+00      0.000E+00            1           24
   1          25.00      0.000E+00      0.000E+00            1           25
   2          25.00      0.000E+00      0.000E+00            1           25
   1          26.00      0.000E+00      0.000E+00            1           26
   2          26.00      0.000E+00      0.000E+00            1           26
   1          27.00      0.000E+00      0.000E+00            1           27
   2          27.00      0.000E+00      0.000E+00            1           27
   1          28.00      0.000E+00      0.000E+00            1           28
   2          28.00      0.000E+00      0.000E+00            1           28
   1          29.00      0.000E+00      0.000E+00            1           29
   2          29.00      0.000E+00      0.000E+00            1           29
   1          30.00      0.000E+00      0.000E+00            1           30
   2          30.00      0.000E+00      0.000E+00            1           30
   1          31.00      0.000E+00      0.000E+00            1           31
   2          31.00      0.000E+00      0.000E+00            1           31
   1          32.00      0.000E+00      0.000E+00            1           32
   2          32.00      0.000E+00      0.000E+00            1           32
   1          33.00      0.000E+00      0.000E+00            1           33
   2          33.00      0.000E+00      0.000E+00            1           33
   1          34.00      0.000E+00      0.000E+00            1           34
   2          34.00      0.000E+00      0.000E+00            1           34
   1          35.00      0.000E+00      0.000E+00            1           35
   2          35.00      0.000E+00      0.000E+00            1           35
   1          36.00      0.000E+00      0.000E+00            1           36
   2          36.00      0.000E+00      0.000E+00            1           36
   1          37.00      0.000E+00      0.000E+00            1           37
   2          37.00      0.000E+00      0.000E+00            1           37
   1          38.00      0.000E+00      0.000E+00            1           38
   2          38.00      0.000E+00      0.000E+00            1           38
   1          39.00      0.000E+00      0.000E+00            1           39
   2          39.00      0.000E+00      0.000E+00            1           39
   1          40.00      0.000E+00      0.000E+00            1           40
   2          40.00      0.000E+00      0.000E+00            1           40
   1          41.00      0.000E+00      0.000E+00            1           41
   2          41.00      0.000E+00      0.000E+00            1           41
   1          42.00      0.000E+00      0.000E+00            1           42
   2          42.00      0.000E+00      0.000E+00            1           42
   1          43.00      0.000E+00      0.000E+00            1           43
   2          43.00      0.000E+00      0.000E+00            1           43
   1          44.00      0.000E+00      0.000E+00            1           44
   2          44.00      0.000E+00      0.000E+00            1           44
   1          45.00      0.000E+00      0.000E+00            1           45
   2          45.00      0.000E+00      0.000E+00            1           45
   1          46.00      0.000E+00      0.000E+00            1           46
   2          46.00      0.000E+00      0.000E+00            1           46
   1          47.00      0.000E+00      0.000E+00            1           47
   2          47.00      0.000E+00      0.000E+00            1           47
   1          48.00      0.000E+00      0.000E+00            1           48
   2          48.00      0.000E+00      0.000E+00            1           48
   1          49.00      0.000E+00      0.000E+00            1           49
   2          49.00      0.000E+00      0.000E+00            1           49
   1          50.00      0.000E+00      0.000E+00            1           50
   2          50.00      0.000E+00      0.000E+00            1           50
